4.992751827674675458e-03
1.718856597280004478e-02
5.164693317429153163e-02
9.438383916988012101e-02
1.291572511324375616e-01
1.695625327515557501e-01
1.942505006610509566e-01
2.028564459258287156e-01
2.417796046732672011e-01
3.444426671621266811e-01
4.326029841710379298e-01
4.206099553126713686e-01
3.822332286060382556e-01
3.628998749272296931e-01
3.532055444361509311e-01
3.629659263770299016e-01
4.084296807236351134e-01
4.241010326213316417e-01
3.237082418871255474e-01
1.991978639210116031e-01
1.425174575524635334e-01
1.266619280299402517e-01
1.139594677979669790e-01
9.421737286277066803e-02
5.361724974362983009e-02
