2.351557231330223680e-02
3.742710837798763485e-02
4.992159767404728138e-02
5.682231431033716446e-02
9.638829293302367263e-02
1.556872892851464962e-01
1.817388400161857598e-01
1.774597239977095675e-01
1.851859548283500689e-01
2.310614955699201167e-01
2.615357643149708866e-01
2.543719089962734881e-01
2.440104397697799854e-01
2.423778618061578904e-01
2.422998243396854434e-01
2.441386266832830387e-01
2.552786526880806428e-01
2.624670919086906085e-01
2.219063031679864573e-01
1.452673815313849093e-01
1.115838718087330816e-01
1.010411180304828516e-01
8.116735613196406074e-02
5.798481601816558167e-02
5.287037259045831994e-02
